2023-04-02 21:42:34.177195 - Initialized conversion of CBT1016
2023-04-02 21:42:34.402199 - Received CBT.V504.FILE1016.PDS from FILE1016.XMI 
2023-04-02 21:42:34.404921 - Found $$$#DATE.txt (text/plain) in CBT.V504.FILE1016.PDS, moved to PDS/$$$#DATE
2023-04-02 21:42:34.406073 - Found $$NOTE01.txt (text/plain) in CBT.V504.FILE1016.PDS, moved to PDS/$$NOTE01
2023-04-02 21:42:34.407271 - Found $$NOTE02.txt (text/plain) in CBT.V504.FILE1016.PDS, moved to PDS/$$NOTE02
2023-04-02 21:42:34.408328 - Found $DOC.txt (text/plain) in CBT.V504.FILE1016.PDS, moved to PDS/$DOC
2023-04-02 21:42:34.409320 - Found @FIL1016.txt (text/plain) in CBT.V504.FILE1016.PDS, moved to PDS/@FIL1016
2023-04-02 21:42:34.440376 - Found ALLOCVOL.xmi (application/xmit) in CBT.V504.FILE1016.PDS
2023-04-02 21:42:34.447472   - Received to CBT1016/CBT.PDS
2023-04-02 21:42:34.503814 - Found DSSTAT.xmi (application/xmit) in CBT.V504.FILE1016.PDS
2023-04-02 21:42:34.512781   - Received to CBT1016/CBT.PDS
2023-04-02 21:42:34.553779 - Found FINDCMD.xmi (application/xmit) in CBT.V504.FILE1016.PDS
2023-04-02 21:42:34.563361   - Received to CBT1016/CBT.PDS
2023-04-02 21:42:34.594552 - Found FREESYS.xmi (application/xmit) in CBT.V504.FILE1016.PDS
2023-04-02 21:42:34.604599   - Received to CBT1016/CBT.PDS
2023-04-02 21:42:34.670965 - Found IDUMP.xmi (application/xmit) in CBT.V504.FILE1016.PDS
2023-04-02 21:42:34.681505   - Received to CBT1016/CBT.PDS
2023-04-02 21:42:34.707550 - Found INVCP.xmi (application/xmit) in CBT.V504.FILE1016.PDS
2023-04-02 21:42:34.718737   - Received to CBT1016/CBT.PDS
2023-04-02 21:42:34.804702 - Found KEEPITUP.xmi (application/xmit) in CBT.V504.FILE1016.PDS
2023-04-02 21:42:34.815673   - Received to CBT1016/CBT.PDS
2023-04-02 21:42:34.857911 - Found LISTTSOU.xmi (application/xmit) in CBT.V504.FILE1016.PDS
2023-04-02 21:42:34.868949   - Received to CBT1016/CBT.PDS
2023-04-02 21:42:34.934209 - Found LMATTR.xmi (application/xmit) in CBT.V504.FILE1016.PDS
2023-04-02 21:42:34.944339   - Received to CBT1016/CBT.PDS
2023-04-02 21:42:34.994946 - Found LOGTIMED.xmi (application/xmit) in CBT.V504.FILE1016.PDS
2023-04-02 21:42:35.004753   - Received to CBT1016/CBT.PDS
2023-04-02 21:42:35.041727 - Found RESETPDS.xmi (application/xmit) in CBT.V504.FILE1016.PDS
2023-04-02 21:42:35.051203   - Received to CBT1016/CBT.PDS
2023-04-02 21:42:35.090848 - Found TIOT.xmi (application/xmit) in CBT.V504.FILE1016.PDS
2023-04-02 21:42:35.100755   - Received to CBT1016/CBT.PDS
2023-04-02 21:42:35.123911 - Found TSO.xmi (application/xmit) in CBT.V504.FILE1016.PDS
2023-04-02 21:42:35.133382   - Received to CBT1016/CBT.PDS
2023-04-02 21:42:35.177157 - Found TSOLPDIR.xmi (application/xmit) in CBT.V504.FILE1016.PDS
2023-04-02 21:42:35.186864   - Received to CBT1016/CBT.PDS
2023-04-02 21:42:35.213456 - Found XI.xmi (application/xmit) in CBT.V504.FILE1016.PDS
2023-04-02 21:42:35.223015   - Received to CBT1016/CBT.PDS
